10.571428
127.857147
4.428572
13.857144
115.857140
54.857143
21.857143
105.428581
48.428574
37.714287
27.428572
60.428574
4.428572
79.000008
48.857147
3.000000
3.000000
76.285721
5.285714
15.000001
133.428574
27.000002
60.000004
25.000002
24.142859
9.000000
120.000008
28.571430
11.857143
18.428574
9.428572
4.428572
15.000000
24.714289
21.571430
15.571429
24.142859
7.000001
53.714287
10.857143
63.571430
24.285715
63.571430
71.285713
40.714287
3.142857
48.000000
16.857143
10.714287
47.714287
12.142859
39.000004
9.428572
6.285715
124.285721
68.714287
17.571430
5.142858
8.571428
75.000000
51.428577
69.571434
27.714287
59.714291
46.142860
22.428572
74.142860
100.571434
14.571430
71.285713
16.428572
6.142858
4.714286
100.000008
49.000000
85.428574
5.000000
152.142853
28.285715
29.000000
59.571430
59.857143
8.285715
61.142860
33.857143
36.428574
15.000001
13.285715
19.142857
26.428572
76.714287
73.857147
3.000000
54.714287
51.285721
13.000000
5.571429
37.714291
67.285721
17.000002
77.428574
16.428572
60.000000
26.714287
22.857143
67.857147
37.714287
60.714287
22.714287
57.714287
69.428574
27.000000
4.000000
22.285715
12.285715
2.571429
13.142859
18.857143
22.000000
31.000002
78.714287
18.714285
13.714287
32.714287
76.571434
29.428572
14.000000
41.000004
28.857145
30.857145
71.428574
25.142859
42.857143
63.857143
6.142858
40.142860
29.428572
68.428574
110.000008
68.857147
4.714286
69.285721
15.285716
57.285717
41.571430
11.428572
42.857143
23.000002
7.285714
21.285715
26.714289
40.142860
97.000000
4.714286
99.142860
12.857143
27.714289
38.000000
72.000000
66.000000
82.285721
73.142860
77.142860
17.285715
62.714291
15.857143
49.285717
2.857143
94.142860
48.142860
12.857143
47.428574
98.142860
125.000008
46.428574
15.428573
28.000002
41.857147
11.142858
3.285714
5.571429
36.571430
32.571430
70.000008
4.000000
68.857147
12.142858
33.285717
60.285717
19.571430
15.428573
13.142858
70.285721
16.285715
43.714287
34.714287
7.142858
4.714286
7.714286
10.000001
12.571430
34.428574
31.428570
24.714287
4.142857
5.428572
30.428574
6.142858
20.714287
28.857143
110.571434
77.428574
70.857147
67.285721
61.857143
39.142857
6.857143
108.714287
20.857143
71.714287
58.000000
160.571442
4.285715
23.142859
94.000000
74.571434
18.571430
3.428572
31.857143
61.428574
83.857147
23.285713
27.000002
60.285713
24.142859
91.285713
9.714287
101.285713
2.285714
28.428574
11.571428
20.714287
44.428574
18.571430
91.000008
46.000004
50.285721
11.714286
29.714287
96.571434
20.000002
84.714287
28.571430
29.857143
35.000004
82.714287
20.428574
78.000008
14.428572
19.000000
16.857143
47.857143
86.000008
39.714287
40.857143
15.714285
4.000000
28.714289
17.142859
60.571430
41.714291
62.428574
54.000004
33.000004
53.857143
21.857143
44.571434
4.285715
24.428574
4.571429
68.000000
19.285715
56.571430
42.285713
110.000000
33.571430
54.285713
38.714287
3.857143
12.000000
43.857143
10.428572
3.428572
9.428572
54.000004
9.571428
54.857147
8.428572
10.142858
59.714291
50.428570
102.285721
33.857143
40.428574
50.857147
57.285717
82.142853
14.571429
21.142857
34.714287
9.428572
4.857143
13.285715
58.000004
22.142859
46.285717
25.142859
38.285717
54.142860
35.857143
6.142857
17.142859
13.571429
89.571434
45.571430
112.428574
57.142860
21.000002
17.000000
67.857147
117.714287
88.000000
84.714294
65.000000
107.714287
11.571429
9.000000
71.857147
30.428574
60.571430
28.000000
77.857147
6.428572
87.714287
6.000000
12.142857
22.428572
52.714287
58.857147
44.571434
72.714287
3.428572
5.285715
29.142859
28.714287
98.000000
12.142858
41.285717
24.571430
10.428572
63.142860
42.428574
5.000000
16.000000
18.142859
62.571430
45.285717
44.142857
3.714286
42.857143
15.285715
36.142860
140.000000
24.000002
3.571429
43.571430
140.285721
17.428572
19.714287
45.142860
73.857147
36.142860
11.428572
26.428574
50.714287
57.571426
32.857147
15.285715
60.714291
42.142857
53.142860
24.142859
1.000000
73.142860
89.428574
35.714287
39.142857
10.714286
4.142858
30.571428
6.857143
75.428574
14.142858
64.000000
28.714287
51.285717
21.428570
18.714287
67.714287
95.000000
14.714287
31.428574
2.571429
59.571430
44.000000
67.857147
11.428573
37.714287
27.428574
26.142857
48.142857
48.714287
73.142860
14.571429
23.571428
78.857147
13.857143
90.857140
66.285713
43.571430
39.000000
14.857143
31.428570
37.428574
28.428572
7.142858
5.000000
28.428572
34.857147
20.571428
46.285713
28.000002
10.142858
37.857147
31.428574
9.571429
9.428572
43.000000
7.428572
13.000001
71.714294
79.571434
24.857143
12.000001
80.428574
11.857143
116.000000
34.000004
30.571430
1.000000
8.714286
36.857143
44.714291
26.285717
33.714287
2.857143
9.714286
31.000002
18.714287
47.714287
19.428572
6.714286
23.857143
20.000000
36.000004
3.428572
45.142860
47.285717
94.285713
8.428572
100.857147
31.857145
25.285717
56.857147
33.571430
10.000001
32.285713
18.142857
1.857143
9.571429
66.142860
8.857143
5.285715
41.857143
72.571434
2.285714
66.571434
34.857143
46.428574
4.285715
49.428574
30.428572
4.142857
102.857147
81.142860
55.285717
10.714286
36.285713
18.714287
35.285717
93.428581
36.142860
35.428574
26.285715
53.428574
35.571430
66.714287
43.428574
44.142860
13.571429
45.857143
58.571434
39.714287
48.000000
8.142858
43.714287
76.714294
83.000000
65.571434
106.000000
50.571430
19.428574
96.714294
3.428572
21.857143
11.857143
12.142859
31.285717
35.857143
23.142859
97.000008
55.428570
16.714287
5.857143
4.285714
53.142857
12.142858
36.571430
24.142859
3.857143
23.285715
21.142857
92.142853
52.000004
3.714286
14.714287
59.714291
30.285717
27.428574
5.000000
22.285715
38.857143
7.285715
73.142860
16.142857
43.285717
47.428574
28.714287
37.428574
49.000004
4.285715
5.000000
37.857143
76.428574
9.428572
37.571430
9.000001
19.000000
39.142857
10.000001
29.000004
12.000000
21.285715
30.000000
31.428574
33.714287
66.285721
43.000004
91.714294
2.857143
15.285715
16.857143
6.285715
32.857143
8.000000
29.428574
27.285717
38.285717
44.142857
69.000000
2.571429
25.142860
63.571434
11.142858
72.571434
9.142858
33.857143
21.000002
47.571430
72.857147
102.571434
55.000004
16.571430
3.857143
55.571430
53.714287
20.428574
24.571428
120.857147
10.000000
45.714287
8.285715
39.285717
37.285717
34.285717
125.571434
63.714287
6.428572
3.285714
19.571428
8.571428
39.857143
41.142860
22.142859
4.714286
35.000000
6.428572
51.428570
27.000000
70.857147
84.857147
47.285713
11.285715
46.857143
40.285717
30.714287
22.571430
86.571434
3.571429
63.000000
42.428574
17.428572
72.428574
73.428574
53.000004
11.714287
10.857143
66.285721
39.571430
15.714286
63.285717
84.428574
3.571429
56.857147
124.000000
11.142858
7.000000
10.428572
94.714294
67.142860
53.571430
8.000000
59.428574
73.285721
69.000000
48.142857
43.857147
5.285715
65.000000
14.571429
3.285714
25.857143
69.428574
11.714286
11.142858
25.428574
3.857143
65.428574
29.857143
21.571430
13.857144
26.142859
29.000002
145.857147
19.142859
46.428574
6.428572
15.428572
26.857143
10.000000
53.285717
26.428574
92.857147
64.142853
17.142857
67.285721
52.142860
26.714287
2.428572
15.571429
2.428571
6.000000
34.000000
56.142860
22.857143
11.285715
22.000000
41.285717
27.142857
39.571430
84.857147
15.571429
18.857143
10.142858
2.000000
47.000000
19.285715
48.714287
5.714286
46.142860
10.714287
44.571430
31.000002
23.428572
23.857145
32.428574
6.142858
58.714287
37.285717
5.714286
17.857143
79.285721
98.000008
69.714294
5.000000
90.285721
4.000000
11.571428
33.714287
28.857143
57.000004
57.285721
49.285717
69.142860
58.428574
54.000000
122.142860
65.571434
30.714287
18.857143
63.000004
6.000000
27.714287
91.428574
86.857147
18.428572
2.857143
71.000000
13.428573
15.142858
18.142857
27.000002
25.857143
29.285717
56.428574
40.571430
81.857147
6.142858
70.142860
13.714286
78.000000
51.571434
12.571430
5.571429
5.285715
63.142860
42.285717
14.285715
17.000000
71.000000
29.142857
21.857143
1.571429
56.428577
125.428574
73.285713
49.714287
72.571434
56.000000
14.142858
41.142860
13.285715
22.142859
24.428572
53.571434
3.428571
13.714287
5.571429
14.285715
72.285721
40.714287
4.285715
56.571426
34.285717
30.857145
32.571430
9.285714
13.428572
76.714287
6.857143
70.714294
25.428572
28.000002
21.142859
107.428574
56.000000
35.857143
12.000000
6.285714
32.428574
42.142857
15.571429
53.571434
12.000001
4.428572
12.285715
40.714287
65.000000
129.000015
31.000000
35.714287
8.714286
6.000000
34.000000
36.714287
6.714286
4.285715
50.714287
31.571432
19.000000
33.714287
22.571430
60.285721
50.857147
9.714286
26.857143
82.142860
5.000000
6.571429
79.285721
45.428577
79.285713
42.714287
96.142853
36.714287
7.285714
3.428572
45.857143
38.000000
44.142857
59.142860
17.714285
19.142859
11.142858
28.571430
59.000004
58.428574
52.571430
12.285715
21.428572
23.142860
11.857142
16.857143
7.000000
2.857143
66.285721
25.857145
3.428571
3.571429
35.714287
55.428577
9.571429
64.142860
74.571434
17.000000
105.000008
26.857145
54.000000
40.000004
28.857145
36.857143
5.714286
23.857143
16.714287
38.000004
27.142859
6.285715
8.142858
30.142860
99.428574
52.285717
62.000004
50.000000
16.142859
15.857144
14.142858
32.285713
3.571429
58.000000
38.142860
12.285715
106.000000
30.285717
26.142859
60.857147
32.142857
25.285715
1.571429
26.571430
76.571426
8.714287
72.285721
4.000000
21.428572
36.714287
36.857143
75.000000
21.285715
58.000004
6.428572
33.142860
33.000000
18.428572
64.000000
53.714287
32.571430
24.285715
22.714287
64.000000
34.857147
67.857147
6.285715
75.714287
12.142859
68.571426
4.000000
34.857147
38.428574
19.000002
91.714287
62.571430
8.857143
35.571430
37.857143
9.285715
14.142858
12.142858
2.142857
34.714287
1.428571
33.714287
24.285715
2.285714
50.428577
61.428574
21.000002
57.428574
37.142860
57.142857
85.714294
71.857147
13.428573
20.714287
32.428574
15.428573
10.571429
3.571429
33.428574
9.142858
27.142859
68.714287
14.857143
43.714287
7.000000
4.857143
16.428572
120.428574
30.857143
32.857143
20.428572
129.142868
2.714286
178.428589
59.285717
36.571430
11.714287
8.000000
5.000000
5.285715
1.285714
84.571434
35.857147
30.142857
52.571434
43.857147
86.428574
8.285714
60.714287
31.000000
47.857147
35.142857
3.285715
70.285721
89.857147
19.142859
2.285714
84.857147
26.714287
6.000000
94.142860
67.428574
6.285715
29.285717
16.571430
103.571434
28.285717
29.285717
4.428572
5.857143
35.571430
98.571426
16.857143
33.000000
44.571430
11.000000
16.428572
7.428572
71.142860
60.571434
4.000000
8.571428
11.428572
25.285715
62.428574
4.714286
6.285714
41.857147
53.428574
4.714286
12.571429
45.000000
38.857143
20.714287
45.857147
48.142860
30.571430
57.285717
4.428572
15.000001
74.142860
39.000000
49.428574
41.142857
45.285717
18.571430
45.714287
36.142860
16.571428
10.714286
19.857143
43.285717
45.000000
27.428574
73.428574
4.428572
31.000002
34.000000
11.571428
32.857143
11.285715
16.000000
12.571429
3.428571
28.714289
7.000000
19.714287
12.142859
56.000000
12.142859
22.714287
43.714287
94.142860
62.428574
68.571434
37.142860
2.285714
34.285717
3.000000
10.428571
5.714286
24.428574
1.428571
5.000000
22.142860
41.285717
7.285715
41.857143
34.285717
53.428577
82.571434
36.571430
15.857143
58.142860
12.714286
42.857143
10.000000
14.857143
25.714287
42.000000
65.714287
71.142860
48.857143
18.000000
45.428574
125.571434
53.142857
38.000004
13.428572
14.714287
34.285717
74.142860
90.142860
3.571429
48.142857
14.714287
78.714287
3.428571
16.428574
41.857143
91.428574
73.571434
59.000004
42.714287
22.285715
53.714291
4.714286
4.428572
42.571434
17.714287
32.285713
34.000000
33.857143
73.285721
17.000002
77.571434
61.285717
41.000000
5.857143
44.857143
67.142860
20.428572
6.571429
37.857143
34.285717
28.285715
6.142858
20.857145
42.142857
51.714287
1.142857
13.285714
7.571429
32.428570
23.428574
13.142858
68.285721
22.857143
25.142859
15.714287
54.285717
39.714287
3.714286
5.571429
25.285717
9.285715
29.000000
32.285717
41.285717
11.000001
170.285721
58.571434
34.285717
3.571429
24.571430
47.714287
34.285717
66.000000
59.285717
11.285714
47.714291
3.428572
34.857143
7.142858
52.428574
20.571430
11.000000
8.428572
52.857147
43.857143
13.142857
30.285715
71.000008
29.428574
26.142857
70.142860
26.285715
33.285717
113.428581
12.285715
3.428571
59.285717
14.714287
29.142860
69.142868
23.142859
37.428574
5.428572
29.857143
7.571428
46.714287
99.571442
24.857143
34.142860
7.571429
27.000000
64.571434
48.000000
37.714287
18.857143
84.285721
16.285715
52.142860
47.714287
36.857147
41.571430
86.285721
29.000002
50.285717
18.428572
43.571430
10.428572
72.142860
31.857145
12.428572
37.285717
67.714287
48.000000
4.000000
125.142868
10.285714
15.857143
27.714287
31.285715
9.714286
12.428572
51.000000
15.857144
75.714287
25.857147
34.142860
20.428572
27.428574
10.142859
70.714287
37.428574
36.714287
12.285715
31.714287
34.714287
46.285717
77.428574
23.714285
14.000001
101.000000
10.142858
32.857143
19.285715
20.714287
22.142859
84.285721
43.571430
49.428574
46.714287
16.428572
17.857143
16.000000
35.714287
56.142860
60.571434
62.142860
3.571429
21.000000
80.142860
4.285715
21.142859
47.857147
1.285714
38.428574
36.571430
45.571430
75.285713
53.857143
38.000000
8.285714
28.714285
8.428572
4.142858
98.428574
14.000000
12.714287
35.285717
57.714287
61.285717
58.428577
8.000000
46.428574
4.571429
25.428574
3.571429
54.714287
24.000000
6.571429
40.285713
17.428574
104.857155
10.428572
65.000000
72.428574
42.285717
29.857143
67.285721
42.142860
18.285715
2.857143
97.428574
60.714291
17.428572
4.714286
39.142860
5.285715
46.857147
10.142858
18.428572
64.428574
7.428572
17.571430
5.285715
4.285715
11.714286
29.142857
43.000000
12.714286
31.000002
24.000002
41.571430
109.714294
33.714287
11.428572
43.285717
67.428574
46.714287
56.714291
48.142857
27.000002
5.142858
2.857143
19.571430
34.571430
66.571426
97.000000
57.000004
14.428573
23.000002
14.142859
4.285715
44.000000
56.571430
57.142860
3.714286
10.285715
91.571426
10.714287
53.428574
18.857143
15.285715
15.142858
25.000002
8.000000
69.857147
27.000000
40.857143
54.000004
40.857143
31.571428
50.000000
69.428574
33.428574
78.714294
26.571430
42.571430
58.571430
47.285717
27.285715
54.428574
117.428581
40.142860
12.285715
10.857143
38.714291
51.000000
6.285715
84.714287
99.285721
12.428573
2.142857
22.571428
115.714294
12.857143
15.571430
66.571426
6.857143
106.142868
59.714291
84.000008
94.571426
69.000008
15.714286
2.857143
12.000001
55.428574
47.571434
9.857143
45.000000
6.000001
1.571429
91.142868
32.428574
41.857147
39.714287
61.857147
64.000000
24.142859
13.857142
20.571428
11.142858
5.000000
10.285715
38.428574
51.000008
27.857145
41.857143
95.000008
81.142860
26.000002
7.142858
14.428572
18.714287
61.571430
136.857147
59.285717
22.285715
1.571429
77.714287
45.428574
70.285721
102.142860
23.285717
5.428572
75.000008
53.714287
43.714287
21.571430
7.142857
46.714287
18.571428
49.142860
60.428574
38.857143
17.571430
3.857143
24.285715
78.857147
20.714287
9.714287
56.714287
49.285717
32.571430
22.857143
17.285715
9.428572
12.857143
58.571434
9.142858
128.285721
15.142858
12.000000
66.285713
23.857143
12.428572
82.428581
10.428572
63.285713
41.857147
3.142857
8.428572
98.285713
36.285713
10.857143
21.714287
53.571434
20.285713
46.714291
27.142860
20.142859
3.000000
1.571429
13.571429
44.000004
46.571430
45.571430
20.285715
11.857143
20.857143
36.142857
43.285717
10.142858
28.428574
56.285717
59.285717
75.142860
36.000000
52.142860
28.285717
20.142859
56.571430
4.000000
27.285717
68.857147
49.571430
38.285717
62.571434
16.714287
26.857143
54.428574
32.000000
116.000000
17.571428
22.285715
7.714286
44.000004
7.000000
32.428574
64.142860
11.857143
36.714291
58.428577
47.571430
22.428572
46.714287
13.714286
115.857155
102.142860
22.857143
14.571430
15.428572
75.285713
30.714287
48.857147
14.571430
50.571434
58.285717
9.285715
2.714286
14.714286
4.428572
2.285714
44.428574
25.000002
3.428572
51.857147
6.857143
106.142868
60.000004
38.285717
3.285714
31.714287
5.571429
5.428572
14.857144
81.142860
85.571426
44.142857
3.000000
3.142858
35.714287
128.857147
72.142853
25.142857
13.000000
54.142860
11.857143
13.428573
22.857143
37.000000
24.285715
10.714287
47.571430
71.857147
67.142860
13.142858
59.285717
17.571430
9.142858
42.714291
15.714287
39.857147
9.571429
48.857147
24.428572
19.000002
55.714287
10.571429
33.571430
81.857155
7.571429
14.000000
54.714287
19.142859
35.285717
47.142864
31.714287
29.714287
114.714294
43.285717
4.428572
81.857147
40.285717
12.142858
4.142858
35.428574
3.714286
46.285717
5.428572
31.285715
61.428577
29.000002
2.142857
2.142857
28.428574
82.571434
63.571434
39.571434
22.285715
60.000004
10.142859
63.285717
8.142858
25.428572
19.571430
5.000000
2.142857
40.571430
5.142857
38.571430
63.285721
27.428572
102.571426
4.428572
48.428574
100.714294
80.857147
26.571430
28.571428
38.428574
12.142858
5.000000
46.428574
71.142860
33.285717
2.285714
1.857143
42.285717
85.571426
9.285714
38.428574
50.571430
3.000000
33.571430
21.000000
119.857147
68.000008
42.142860
44.285717
19.142860
56.571434
60.571434
54.714287
23.285715
5.285715
66.714287
57.857147
51.714291
61.000004
31.000002
44.714287
47.857147
27.000000
36.000000
22.428572
15.142858
14.142859
3.428571
34.857147
14.857143
80.428574
59.571434
3.000000
4.857143
29.428574
2.428571
29.000000
63.714291
72.857147
27.857143
3.571429
67.000000
18.285715
13.571429
46.000004
21.428574
10.000000
7.428572
50.285713
35.428574
17.285715
30.571430
54.428577
11.571429
3.428571
6.714286
25.000000
31.428572
4.285715
12.142858
87.571434
27.142859
29.142857
25.428574
15.000001
97.142860
34.428574
37.571430
81.428574
88.857147
52.571426
77.142860
3.857143
4.714286
17.285715
50.000000
81.000000
11.142857
43.142860
17.000000
50.714287
95.285721
21.285717
36.285717
12.142859
43.285717
57.428574
12.285715
4.857143
17.142859
35.571430
4.285715
8.285715
10.000000
15.142858
38.428574
7.714286
26.571430
14.285715
15.857143
18.428574
46.142860
76.285721
15.428573
36.142860
114.428574
51.714287
77.857147
58.000004
78.428574
51.285717
73.571426
5.857143
2.857143
55.571430
38.714287
5.857142
37.142860
3.285714
47.000000
11.714287
9.571428
21.285715
9.714286
51.857147
58.285717
62.142860
38.571430
22.428574
12.428573
103.285721
7.428572
78.714294
34.285717
3.571429
11.714286
46.714287
119.285721
31.000000
4.571429
18.428574
27.000002
79.857147
17.428572
30.857143
34.571430
63.714287
13.571428
7.428572
3.571429
39.857147
37.142860
17.714287
24.142859
13.428572
77.285721
85.285721
19.428572
28.285717
32.285717
31.000000
71.571426
8.857143
128.000000
19.142859
18.857143
60.428577
9.285714
19.857143
31.000002
101.428574
13.428572
29.142857
25.571430
20.857143
52.428574
12.285715
47.428574
27.285715
85.428574
26.000002
17.428574
36.857147
14.857143
39.285713
42.571430
31.000000
48.000004
33.428574
31.142859
13.428572
18.857143
3.428571
12.714286
24.571430
18.428572
14.142859
13.285714
19.285715
40.428574
48.142860
8.857143
27.142859
31.714289
42.142860
20.285715
29.714287
111.142860
6.571429
60.571434
27.000002
35.000000
15.000000
79.571426
12.142859
64.857147
7.857143
20.285715
56.142860
73.428581
2.857143
13.285715
56.000004
22.571430
4.285715
30.142859
56.571426
50.714287
52.571430
55.857143
2.142857
12.000000
28.142859
39.000004
36.142860
13.571428
17.571430
6.285715
8.428572
50.142864
5.285714
121.142868
31.000000
15.142858
40.857143
30.857145
36.857143
18.142857
22.571428
28.285717
2.571429
20.285715
75.142860
63.714291
48.714287
40.428574
50.000004
22.285713
8.428572
2.857143
66.285721
13.857143
41.714287
20.285715
55.714287
4.000000
44.285713
29.285715
2.285714
14.000002
55.428577
36.714287
44.285717
45.285717
29.714287
34.285717
21.285715
56.428574
54.000000
38.714287
53.714287
12.428572
37.857143
49.428574
68.857147
45.142860
86.142860
75.285721
59.571434
32.285717
31.428574
14.285715
18.571430
48.857147
89.428574
84.428574
15.714287
24.428574
42.571434
65.714287
16.857143
75.000000
45.142860
32.142857
77.571434
10.428572
53.142860
34.428574
9.000000
24.285715
10.571429
4.285715
8.714286
37.571430
59.285713
10.428572
60.857147
59.714291
52.285721
6.428571
52.142860
6.000000
2.285714
85.428574
3.285714
48.428574
23.857145
113.285721
4.857143
34.000004
48.285713
3.000000
35.285717
75.000008
75.571434
51.571434
133.428589
50.571430
30.857143
9.285715
65.142860
19.142857
44.714287
125.285721
21.000002
23.142859
53.714287
3.857143
29.714287
12.142858
9.000000
91.142868
70.571426
4.714286
39.714287
36.428574
2.857143
77.714287
17.142857
136.000000
3.285715
35.428574
66.857147
117.714294
71.571434
23.571430
1.714286
6.571429
121.571426
14.000000
52.428570
39.857143
10.000000
10.571428
37.000004
43.285717
26.000002
29.000000
58.000004
46.428574
8.428572
122.857147
34.428574
60.285717
25.857145
63.714287
72.714294
32.571430
16.000000
55.428570
21.285715
10.285715
5.857143
26.285715
27.571432
4.714286
83.428581
44.714287
16.857143
48.571430
7.142858
16.285715
31.285717
49.000000
53.285717
8.857143
94.714294
91.571426
21.000002
34.857143
51.000000
31.428574
6.142858
61.000000
14.714287
65.142860
1.714286
66.000000
4.285715
51.142860
19.142857
86.571442
33.857143
40.714291
59.428574
24.142859
16.857143
3.142857
90.428574
13.714287
22.000002
51.285717
71.285721
54.714287
19.714287
71.857147
21.000002
58.285717
21.285715
15.000000
10.857143
35.000000
55.285721
17.857143
84.428574
70.857147
30.285717
54.714287
12.857143
101.857147
64.285721
13.000001
23.285713
3.857143
62.142860
87.714287
71.571434
3.857143
29.571430
79.714294
29.142859
126.714294
21.857145
131.571442
28.285715
57.714283
28.571430
109.571434
58.714287
57.571430
49.714287
20.428574
41.285717
22.285715
3.428572
59.714287
36.714287
24.714287
64.428574
77.571434
31.571430
3.714286
32.000004
10.857143
60.142860
4.000000
37.857147
14.571429
19.000000
29.142859
27.000002
1.142857
6.714286
43.571430
5.428572
28.857143
22.857143
63.142857
5.714286
10.285715
3.142857
73.142860
47.142860
10.571429
67.000000
5.857143
7.000000
6.285714
73.285721
13.714287
30.857143
75.428574
9.428572
16.857143
147.285721
29.142859
48.428570
32.285717
28.285717
14.000000
84.142860
52.142860
110.428581
52.428577
73.142860
9.285714
49.571430
70.285713
98.000000
96.142860
50.571430
35.285717
5.714286
7.285715
6.714286
26.285715
18.000000
50.142860
42.142857
2.142857
52.000000
29.142857
57.000004
125.428581
58.285717
48.285713
37.571430
80.142860
50.142860
77.142868
20.000000
35.857143
51.428574
4.428572
110.000000
31.857143
68.428574
46.714287
69.285713
35.428574
121.000008
36.714287
4.571429
49.571430
51.000000
45.571430
29.285715
55.714287
48.571434
6.000000
6.285715
66.428574
93.714287
48.571430
102.285713
58.857147
55.285717
35.857143
71.428574
30.285717
39.714287
3.428572
27.000000
61.285717
6.571429
48.714287
98.142868
65.428574
13.857143
48.857147
23.142857
32.857143
16.000000
6.714286
3.142857
10.428572
55.428574
58.714287
26.571430
49.571434
39.571430
68.571434
14.857143
17.000000
13.428572
38.857147
48.142860
5.142858
93.285721
42.285713
54.285717
28.571430
72.285721
18.714287
22.000002
48.714287
47.000004
4.714286
90.428581
61.285717
120.857140
71.857147
62.428574
7.285715
18.142859
32.428574
28.428574
35.714287
26.714287
84.857147
50.000004
12.285715
16.142859
11.857143
37.714287
5.571429
75.428574
78.571434
1.714286
91.000000
61.285717
18.428572
40.428577
59.000004
13.285715
3.285715
25.000004
40.142860
49.000004
23.428572
102.857147
87.428566
4.571429
3.000000
5.000000
127.714287
7.571429
4.571429
5.285715
73.571434
54.000000
3.857143
23.714287
87.571426
20.857143
27.571428
23.857143
49.571430
18.000000
25.714289
45.571430
50.428574
46.285717
18.428572
4.285715
82.428581
4.285714
121.857147
1.285714
66.428574
84.714294
62.285713
9.571429
3.857143
17.714287
31.428574
12.285715
65.714287
68.285721
69.714287
24.000002
40.857143
34.571430
60.142857
24.714287
16.142859
4.428572
17.857143
45.142857
71.571434
9.428572
16.000000
50.285721
22.000000
44.428574
14.000000
15.285714
61.571426
15.428572
7.428572
47.428574
4.857143
66.285721
43.428574
2.714286
23.857145
9.714287
56.285717
54.142860
47.571434
73.428574
11.142858
4.285715
66.428574
11.142858
14.285714
93.285713
30.571428
1.142857
58.142864
2.857143
90.571434
10.571429
68.000008
100.571434
107.428581
52.285717
19.000000
40.285717
80.428574
49.714291
86.428574
52.857147
51.000004
24.428574
17.285715
55.714287
51.142857
25.428572
10.857143
55.428574
53.428574
3.714286
2.857143
47.285713
32.857143
55.857147
7.571429
29.000002
24.857145
13.285715
3.142857
30.285717
36.571434
80.000000
74.714287
84.142860
37.428574
56.857143
4.571429
44.142860
9.428572
34.571426
41.142860
51.285713
57.714291
18.857143
49.000004
5.714286
31.571430
15.285715
28.571432
72.000000
77.428581
72.857147
73.285721
68.142860
60.571434
20.142859
15.142858
2.428571
33.714287
101.714294
56.857147
22.000002
18.571430
39.142860
7.571428
31.142860
83.571434
7.428572
28.857143
29.857145
25.714287
26.428574
53.000000
54.714287
33.857143
47.142860
27.428572
14.000002
144.857147
3.000000
27.142860
47.428574
19.571430
33.571430
7.428572
58.285713
38.428577
82.285721
44.142860
97.285721
20.142859
44.428574
5.857143
22.285717
7.428572
73.142860
30.428574
58.000004
55.571430
85.714287
33.428574
21.428572
12.571429
12.571429
2.714286
4.285714
11.428572
30.714287
10.857143
50.857143
11.857143
29.285717
28.000000
18.285715
32.571430
59.428577
36.000004
19.571428
22.571430
4.571429
65.714287
30.285717
25.714287
49.142860
3.571429
29.142859
44.428574
87.000008
9.142858
65.000000
32.571430
16.285715
19.428574
21.571430
3.428572
20.000000
37.285721
50.285717
11.571429
58.285713
6.285715
13.285714
37.571430
5.571429
4.285715
23.571430
4.285715
59.428577
3.428572
52.428574
56.142860
16.571430
18.571430
16.428574
29.285717
10.857143
13.428572
20.571428
45.000004
21.000002
37.142857
25.000000
3.000000
11.000001
26.857145
78.000008
4.428572
24.142857
26.857145
36.571430
25.571428
30.428574
15.000000
29.000000
32.142860
13.428572
14.428572
13.571429
65.857147
17.142859
85.142868
6.714286
11.000000
8.857142
35.714287
91.142860
68.142860
41.000000
15.714287
11.857143
13.857143
59.285717
38.142860
11.571429
41.142860
20.857145
102.571434
9.428572
99.857147
9.714286
10.571429
10.571429
40.571426
14.428573
37.857143
5.142858
63.142860
17.571430
6.714286
73.285713
32.714287
66.428574
33.142860
0.857143
15.000000
21.285715
36.857143
62.285713
61.000004
20.571428
28.000000
23.714287
52.428574
34.000000
59.857147
44.714291
88.000000
43.857143
55.571430
49.714287
47.285717
34.142857
64.142860
52.142860
49.714287
31.142857
3.571429
81.714287
13.571430
1.428571
36.285717
16.428574
30.714287
89.571442
9.571429
2.428571
15.571428
17.714287
0.428571
50.000004
54.571430
57.571434
11.000001
19.000000
55.857147
50.142860
79.571426
2.857143
7.857143
11.000000
36.142857
65.857147
83.428574
41.285717
93.714287
23.000000
9.142858
17.714287
10.285715
4.714286
5.285715
32.285717
24.285715
55.714287
50.285713
59.857143
60.000000
100.571434
13.714286
10.142858
106.714294
101.857147
9.000000
37.142860
37.285713
3.000000
60.142860
60.142860
51.571430
12.714286
71.571426
46.714287
4.428572
61.285717
79.857147
53.714287
24.571432
19.714287
34.428574
43.571430
42.571430
11.714287
15.000001
44.571430
46.142860
39.285713
86.000000
9.714286
113.714294
19.857143
28.285715
30.285715
120.000000
12.142858
24.571430
7.285715
16.000000
65.000000
25.428574
26.714289
19.714287
60.142860
36.857143
1.714286
17.571430
8.571429
16.142859
59.142864
90.142860
38.714287
88.714294
79.428574
15.285715
56.000000
62.714287
51.428570
33.000000
11.714287
13.142859
4.000000
19.857143
34.571430
15.285715
14.428572
11.285715
15.428573
48.857143
60.428574
81.857147
23.857143
24.571430
25.428574
83.571426
101.857147
41.000000
13.285715
37.000000
87.000008
62.428574
22.428574
3.571429
22.428574
45.857143
74.428574
17.142857
10.285715
26.142860
8.571429
2.571429
3.857143
8.571429
43.285713
52.428574
39.428574
19.857143
1.428572
12.000000
33.142860
47.714291
30.857147
38.428574
47.428574
43.285717
36.142860
27.000000
34.142860
13.000001
34.571430
50.428577
99.571426
37.714287
22.000000
51.000004
6.142858
7.285714
65.142860
5.142858
46.142860
4.142858
123.285721
93.428574
13.571429
24.857143
71.714287
73.714294
72.571434
78.000008
21.714287
24.857143
35.142860
28.571430
4.142858
8.142858
58.857147
34.428574
122.714294
74.571434
31.428574
2.428571
134.000015
45.857143
22.142859
27.428574
51.000000
53.285717
18.428572
4.428572
81.571434
60.142860
62.571426
2.714286
27.000002
90.857147
27.428574
89.000008
9.428572
30.000002
5.714286
24.285715
57.571430
18.714287
31.000000
52.285717
4.857143
109.857155
65.285721
10.285715
43.571434
63.714294
70.142860
3.714286
29.285715
47.000000
56.142860
12.857142
42.857147
58.571430
37.000000
18.571430
26.285715
54.285717
68.142860
16.571430
7.285715
39.857143
44.000000
16.285715
42.142860
21.428572
28.142859
87.000008
28.142860
22.000002
29.285717
50.571434
17.285715
55.142860
64.285721
43.000004
49.714287
86.000000
56.857143
114.142868
72.000000
53.857143
90.285721
96.571426
89.000000
31.000000
9.428572
33.857143
63.142860
60.285717
10.142857
54.000004
63.428574
47.714291
70.000008
29.142860
9.142858
63.857143
6.142858
71.428574
9.142858
59.714291
7.142858
10.000001
47.571426
13.428572
64.857147
60.142860
28.714287
5.000000
51.571430
89.857147
40.428574
29.714289
43.714287
58.428574
46.428577
33.428570
14.285715
72.428574
36.000000
75.428574
42.000004
96.428574
40.714291
27.857145
64.142860
49.428574
9.571429
23.714287
21.714287
48.857147
43.857143
61.857143
1.285714
11.571428
10.285715
113.428581
6.142858
59.000008
9.142858
150.571442
73.142853
13.714286
32.428574
43.571434
15.571428
30.428574
27.857143
41.714291
35.571430
39.142860
47.285721
135.571426
44.142860
40.285713
62.857147
35.714287
28.714287
109.285721
7.428572
92.428574
65.285721
2.857143
7.142857
22.571430
13.571428
35.285713
17.571428
26.142860
56.285717
22.000000
39.285717
6.000000
20.000000
36.428574
30.571430
44.714287
69.428574
112.857147
83.714287
110.571442
57.714291
25.142859
2.571429
32.571430
18.714287
5.428572
4.428572
6.142858
44.142860
35.571430
73.142860
13.714286
47.571434
29.000002
6.285715
32.714287
49.428574
41.857147
116.857147
83.285721
74.428574
21.857143
20.428574
5.714286
53.142860
17.285715
29.142860
30.285715
22.571430
73.857140
42.428574
42.285717
31.142860
36.142857
36.571430
3.285714
4.142857
17.142859
25.000002
71.142860
33.571430
25.571430
15.428572
21.142859
41.000004
68.000000
63.714291
26.285713
9.285715
9.428572
8.857143
22.571428
39.142860
116.285721
59.142860
34.857143
37.857147
25.000000
15.571428
14.000001
23.857143
79.428574
26.000000
60.714287
30.571430
79.571434
144.857147
44.857143
14.428572
40.285717
112.857147
45.714287
68.571434
19.714287
57.428574
29.857143
17.428574
4.285715
15.714286
39.142857
85.714287
15.285715
31.857143
4.285714
30.428572
2.857143
11.857142
80.428574
28.285715
36.857147
38.714287
70.714294
45.714287
14.857143
11.428573
53.714291
33.857143
9.428572
67.571434
69.428574
20.714285
15.571430
31.285717
31.714287
12.857143
50.714291
75.571434
4.571429
3.571429
24.714287
11.142858
52.714287
70.571426
60.285717
39.142860
21.571430
58.285721
28.857143
15.857143
26.428574
48.428574
5.000000
7.142858
101.285721
33.857143
30.857143
118.714287
19.571430
49.142860
5.857143
44.428574
81.571426
44.000004
22.714287
20.571430
34.142860
30.142859
58.142860
22.428572
10.285715
15.714287
9.000001
30.285717
70.857147
69.428574
5.428572
79.142860
28.142857
2.571429
35.571430
74.428574
12.571429
26.285715
10.000001
21.428572
53.000004
28.000000
12.714286
78.142860
11.428572
4.571429
5.714286
15.000001
48.285717
70.000000
45.857147
6.571428
38.714287
71.571434
50.285721
81.142860
12.857143
12.000001
17.142859
10.857143
28.285715
9.428572
7.142858
77.142860
6.714286
14.714287
10.714286
61.857151
36.571430
35.142860
32.571430
57.714287
66.000000
129.000000
47.714287
44.571430
65.857147
18.571428
22.285715
12.571428
40.285713
24.000002
17.571428
3.571429
56.000004
37.142857
29.000000
27.714287
68.714287
1.714286
66.000000
5.857143
45.000000
20.714285
3.714286
53.000008
37.285717
40.142860
3.428572
10.714287
70.428574
96.142860
42.000004
46.571434
21.428572
27.428574
9.857143
20.428574
44.714287
67.142860
40.285721
19.428572
28.000000
16.714287
78.857147
7.285715
3.714286
4.142858
38.142857
3.571429
69.571434
10.571428
54.142860
39.142857
52.142860
20.142859
14.857144
1.142857
35.428574
0.000000
25.428574
16.000000
16.285715
17.000000
31.428574
41.857147
64.142860
54.142860
6.285715
100.142860
77.142860
46.714287
3.571429
88.714294
5.285714
12.714288
7.000000
41.142860
55.142860
48.000004
36.000004
35.857143
16.428572
63.857147
23.000000
14.285715
42.428574
93.142853
14.000001
10.285714
63.714287
32.714287
4.428572
58.714287
9.428572
23.714287
24.000002
12.285714
55.142857
10.428573
7.571429
36.571430
17.285715
7.142858
22.285715
10.571428
82.000008
17.571428
44.571430
21.428574
5.571429
28.571430
47.571430
58.428574
17.142857
3.428571
14.571430
13.142858
24.142859
4.714286
9.428572
15.428572
26.857145
40.571430
7.142858
6.714286
47.571434
47.285717
52.428574
37.142857
32.285717
22.142857
17.285715
13.571429
10.428572
84.571426
66.285721
71.142860
19.857143
77.000008
43.714287
2.428572
68.857147
46.142860
5.571429
59.285717
18.571430
56.428574
4.571429
44.714291
68.000008
18.142859
8.428572
91.285713
37.714287
28.000000
31.714289
4.000000
9.571428
51.428577
79.142868
6.857143
68.571434
67.428574
33.714287
82.571426
3.857143
88.000000
39.571430
12.428572
65.142860
42.000000
5.428572
35.285717
3.857143
31.000002
35.285713
18.571428
33.857143
3.714286
41.000004
28.428574
37.428574
55.000000
25.000002
48.571426
52.571430
46.857143
51.714287
54.714287
6.000000
3.714286
20.714289
36.571430
45.857147
18.857143
15.285715
13.000000
3.142857
84.142860
46.285717
12.857143
14.857143
56.428574
9.428572
21.571430
14.571429
15.857144
7.714286
69.142853
77.857147
88.285721
27.428574
43.000000
68.428574
19.428572
23.285713
22.428572
11.000000
65.857147
68.571434
16.571430
1.142857
3.142857
41.428574
43.571430
65.571426
13.285714
18.285717
21.571430
17.428574
61.571434
58.571430
8.285715
28.285717
9.000000
46.857147
16.571430
157.428589
9.428572
54.285717
60.428577
33.000004
45.000004
58.285713
90.285721
27.000002
29.857143
26.142859
4.571429
93.000008
25.857145
19.428574
4.000000
19.285715
33.000000
33.571430
88.142860
31.857143
128.857147
18.428572
3.285715
27.857143
25.142859
12.714286
5.857143
47.571434
24.428572
6.000000
27.428574
32.142857
22.142859
41.285717
10.000001
38.571430
18.000000
54.571434
36.857147
10.285715
3.857143
32.428574
34.857147
3.428572
30.000002
37.285717
12.142858
10.571429
16.428574
9.571428
21.000000
22.857143
43.857143
1.428571
44.571434
20.571430
121.714287
12.571429
9.000000
41.714287
13.714287
21.714287
77.857147
17.571430
63.857147
4.571429
16.000000
33.571430
5.857143
2.428571
94.571426
44.000004
46.714287
2.142857
92.000008
69.571426
24.000002
8.285715
68.428574
31.285717
3.571429
16.142859
16.428572
4.000000
3.857143
53.000000
20.571430
91.857147
24.285715
70.142860
24.142859
57.714287
79.285721
27.142857
12.857143
59.285717
33.142857
64.285721
26.285715
6.857143
7.571429
25.571430
19.000000
59.142860
28.714287
5.857143
50.000000
28.714287
49.714291
41.428574
1.571429
33.285713
8.857143
79.142860
24.000000
11.142857
19.428572
18.857143
22.857145
8.000000
84.857147
68.142860
13.142859
32.285713
5.428572
17.714287
24.571430
20.571428
5.714286
80.571434
33.571430
50.142860
19.857143
77.142860
41.714287
11.142859
56.714287
29.142859
29.142859
9.857143
11.714286
22.714287
7.285715
32.714287
32.428574
60.142864
7.285715
7.000001
28.285715
30.000000
7.285714
19.428574
46.857147
12.857143
63.000004
65.142860
45.000000
2.714286
16.000000
18.000000
51.285717
7.142858
11.714287
21.142860
19.142857
38.571426
5.571429
18.000000
31.857145
56.285717
74.714287
7.142858
3.285714
14.285715
24.571430
2.285714
45.428574
35.142860
33.857147
15.000000
7.142858
19.285715
20.142859
60.571430
15.714287
24.428574
13.000002
21.285713
36.000000
42.857147
37.571430
24.000000
80.714287
54.571430
51.285713
71.571426
21.571430
13.428572
56.142860
17.714287
87.571434
18.857143
16.285715
6.571429
22.428572
28.428572
3.571429
52.857143
10.857143
5.714286
10.714287
2.714286
53.285717
39.285717
36.142860
11.142858
22.285715
22.142857
11.000000
3.142857
23.571430
30.428574
35.571430
20.571430
26.285715
4.285715
2.857143
5.428572
33.857143
64.285721
44.142860
16.142859
11.428572
71.285721
4.571429
7.857143
88.285721
22.142857
22.285715
41.285717
32.714287
10.571429
67.000000
112.285721
42.428574
10.285714
8.714286
4.571429
29.428572
45.285717
9.285714
17.142857
52.142857
40.714287
12.571429
9.285714
4.571429
3.571429
5.142858
53.857147
50.428574
43.714287
132.857147
49.000000
8.285714
73.571434
20.428572
84.285713
70.857147
11.857143
16.142859
14.142859
60.142860
52.714291
25.571430
40.142860
73.285721
18.000000
92.142860
7.428572
38.714287
8.857143
35.285717
57.428574
5.571429
42.714287
21.571430
44.428574
58.857147
35.857143
56.428574
34.428570
31.857143
64.571434
67.857147
21.714287
3.857143
103.857147
41.857143
34.142857
46.142860
18.142857
17.428574
2.714286
27.428572
55.857143
10.571429
27.428572
29.571428
15.571428
76.571434
15.142857
67.857147
11.285714
53.428574
22.142859
22.285715
15.428572
40.857143
54.714291
31.000000
10.428572
84.857147
40.142860
3.142857
22.571430
40.000000
7.571429
51.428577
68.000000
28.571430
8.000001
86.142860
13.285716
40.714287
48.857143
24.000002
46.571434
10.714287
64.714294
38.714291
35.285717
14.000000
52.428574
38.000000
23.714287
15.000001
35.571430
26.142859
65.428574
24.714287
17.142859
